#' Natural isotope abundances
#'
#' @keywords internal
isotope_abundance <- c(
  C13 = 0.0107,
  N15 = 0.00364,
  O18 = 0.00205,
  S34 = 0.0429,
  Cl37 = 0.2422,
  Br81 = 0.4931
)
